105.96 368.01 60.54999999999998 35.950000000000045
66.7 616.82 53.919999999999995 39.73000000000002
289.96 586.08 57.710000000000036 33.1099999999999
445.12 428.09 57.710000000000036 38.789999999999964
403.49 235.09000000000003 46.360000000000014 48.25000000000003
427.14 18.92 42.57000000000005 37.84
450.32 104.54000000000002 41.629999999999995 55.82000000000001
503.29999999999995 121.57 35.94999999999999 57.709999999999994
757.31 196.78 44.460000000000036 54.870000000000005
949.83 196.31 49.190000000000055 50.139999999999986
833 408.22 52.02999999999997 50.139999999999986
757.79 418.63 39.73000000000002 57.710000000000036
717.58 465.93 52.02999999999997 59.60000000000002
470.19 191.1 58.65999999999997 41.629999999999995
529.79 270.1 58.660000000000025 38.78999999999999
424.78 304.15 56.75999999999999 42.57000000000005
552.97 455.05 46.3599999999999 56.75999999999999
436.6 514.65 55.82000000000005 41.63000000000005
342.94 659.87 59.60000000000002 36.90000000000009
524.58 708.12 52.02999999999997 50.1400000000001
697.24 665.55 60.549999999999955 44.460000000000036
1017.95 609.26 58.65999999999997 34.059999999999945
889.76 552.02 53.92000000000007 44.460000000000036
850.5 465.46 35.950000000000045 52.98000000000002